
ORIGINAL:
CHASSIS_POSITION:          -0.141864  0.021194 -0.674358

LEFT_BACK_TIRE_POSITION:    0.790776 -0.428438 -1.939772
LEFT_FRONT_TIRE_POSITION:   0.790776 -0.428438  1.153097
RIGHT_BACK_TIRE_POSITION:  -1.022442 -0.428438 -1.939772
RIGHT_FRONT_TIRE_POSITION: -1.022441 -0.428438  1.153097


CENTERED BY CHASSIS:
CHASSIS_POSITION:           0.000000  0.000000  0.000000

LEFT_BACK_TIRE_POSITION:    0.932640 -0.449632 -1.939772
LEFT_FRONT_TIRE_POSITION:   0.932640 -0.449632  1.827455
RIGHT_BACK_TIRE_POSITION:  -0.880578 -0.449632 -1.265414
RIGHT_FRONT_TIRE_POSITION: -0.880577 -0.449632  1.827455


